1232 714
1231 732
1224 734
1206 739
1219 720
1208 726
1212 737
1211 752
1191 747
1088 733
1099 746
1067 738
1108 716
959 710
542 605
419 538
371 493
294 432
182 398
174 353
165 363
139 388
142 365
144 346
130 377
151 359
156 359
112 392
149 366
122 396
118 394
166 355
152 398
141 373
136 413
145 404
134 406
149 429
153 393
126 432
136 430
160 386
137 416
136 416
132 423
163 397
132 432
139 420
167 391
144 433
148 414
132 414
163 414
391 395
622 412
635 399
626 399
625 375
596 438
589 416
609 453
598 467
586 442
614 446
612 424
600 475
594 448
602 462
602 451
642 446
633 496
649 475
638 469
674 459
649 467
666 504
657 491
775 478
989 489
961 464
1002 516
1009 498
1003 483
1012 486
1002 494
1015 480
1089 469
1248 518
1246 512
1243 494
1234 469
1254 485
1248 476
1250 488
1273 490
1247 446
1248 477
1251 466
1265 471
1243 445
1240 434
1260 466
1263 459
1246 445
1272 474
1266 455
1276 538
1195 523
1179 517
1195 545
1190 518
1178 545
1210 548
1214 539
1212 543
1191 533
1189 514
1177 484
1212 538
1208 530
1216 534
1172 477
1213 532
1219 525
1195 495
1222 564
1203 484
1225 511
1242 503
1235 477
1264 510
1223 461
1271 507
1233 462
1245 479
1225 467
1277 489
1258 492
1246 462
1253 477
1237 453
1243 436
1281 501
1238 432
1265 437
1246 448
1260 446
1246 439
1209 452
1201 433
1228 460
1203 446
1187 422
1233 475
1194 394
1247 473
1230 465
1205 425
1226 452
1201 412
1229 425
1228 466
1194 408
1211 432
1209 432
1238 452
1207 442
1234 452
1205 406
1220 438
1225 459
1229 440
1204 434
1219 415
1232 446
1223 453
1151 439
1186 469
1171 471
932 383
683 400
694 426
697 386
687 389
688 389
680 385
724 445
685 370
675 413
694 425
659 411
632 413
643 397
642 421
627 409
624 406
616 439
627 459
631 466
379 508
492 285
790 456
967 559
1064 627
1132 666
1162 685
1180 702
1135 714
986 695
868 673
806 654
754 635
723 622
713 607
706 588
691 556
686 531
688 518
685 509
679 504
681 499
681 495
684 489
684 486
684 484
677 489
678 490
669 490
679 496
689 502
695 507
705 508
704 513
698 506
714 495
718 488
729 481
724 483
722 479
714 477
712 469
707 465
713 442
708 390
696 326
681 279
675 251
661 237
663 221
663 210
656 202
658 198
653 196
644 184
631 169
624 161
627 152
621 151
615 152
625 148
626 148
621 144
607 141
605 137
602 140
611 139
601 136
607 138
605 141
605 142
605 148
602 148
616 142
618 144
629 143
633 149
632 151
634 155
632 156
635 158
643 161
633 166
634 169
630 175
637 178
643 181
662 191
662 196
658 206
658 208
656 207
659 207
658 205
650 211
656 212
652 213
647 213
654 214
658 215
648 218
658 217
657 220
659 220
662 218
664 219
658 215
648 222
655 220
648 224
651 223
651 226
647 225
641 224
638 223
631 222
636 222
638 223
639 221
642 224
606 235
536 241
501 241
478 242
454 245
454 239
446 236
448 231
405 240
351 239
321 234
299 231
289 229
279 223
275 217
276 214
282 208
275 210
266 214
269 208
260 211
261 210
252 204
230 183
219 163
205 158
204 145
196 137
193 136
195 126
195 120
193 115
196 108
188 115
186 115
183 122
183 126
184 128
191 126
192 126
196 116
200 111
194 118
200 113
196 117
200 112
198 113
207 110
219 105
228 105
231 107
231 108
317 94
452 82
526 72
570 62
602 56
625 45
628 46
634 43
645 39
756 52
870 48
936 43
964 40
990 36
1000 34
1009 33
1009 33
1006 30
1002 29
1008 28
1006 27
1003 27
1003 27
1003 27
1015 27
1010 27
999 27
996 27
993 27
