68.3 35.35
68.3 35.35
68.3 35.35
68.3 35.35
68.3 35.35
68.3 35.35
68.3 35.35
68.3 35.35
68.3 35.35
68.3 35.35
68.3 35.35
68.3 35.35
68.3 35.35
68.3 35.35
68.3 35.35
68.3 35.35
68.3 35.35
68.3 35.35
68.3 35.35
68.3 353.5
68.3 353.5
68.3 353.5
68.3 353.5
68.3 353.5
68.3 353.5
68.3 353.5
68.3 353.5
68.3 353.5
68.3 353.5
68.3 353.5
68.3 353.5
68.3 353.5
68.3 353.5
68.3 353.5
68.3 353.5
68.3 353.5
68.3 353.5
68.3 353.5
68.3 671.65
68.3 671.65
68.3 671.65
68.3 671.65
68.3 671.65
68.3 671.65
68.3 671.65
68.3 671.65
68.3 671.65
68.3 671.65
68.3 671.65
68.3 671.65
68.3 671.65
68.3 671.65
68.3 671.65
68.3 671.65
68.3 671.65
68.3 671.65
68.3 671.65
375.65 35.35
375.65 35.35
375.65 35.35
375.65 35.35
375.65 35.35
375.65 35.35
375.65 35.35
375.65 35.35
375.65 35.35
375.65 35.35
375.65 35.35
375.65 35.35
375.65 35.35
375.65 35.35
375.65 35.35
375.65 35.35
375.65 35.35
375.65 35.35
375.65 35.35
375.65 353.5
375.65 353.5
375.65 353.5
375.65 353.5
375.65 353.5
375.65 353.5
375.65 353.5
375.65 353.5
375.65 353.5
375.65 353.5
375.65 353.5
375.65 353.5
375.65 353.5
375.65 353.5
375.65 353.5
375.65 353.5
375.65 353.5
375.65 353.5
375.65 353.5
375.65 671.65
375.65 671.65
375.65 671.65
375.65 671.65
375.65 671.65
375.65 671.65
375.65 671.65
375.65 671.65
375.65 671.65
375.65 671.65
375.65 671.65
375.65 671.65
375.65 671.65
375.65 671.65
375.65 671.65
375.65 671.65
375.65 671.65
375.65 671.65
375.65 671.65
683 35.35
683 35.35
683 35.35
683 35.35
683 35.35
683 35.35
683 35.35
683 35.35
683 35.35
683 35.35
683 35.35
683 35.35
683 35.35
683 35.35
683 35.35
683 35.35
683 35.35
683 35.35
683 35.35
683 353.5
683 353.5
683 353.5
683 353.5
683 353.5
683 353.5
683 353.5
683 353.5
683 353.5
683 353.5
683 353.5
683 353.5
683 353.5
683 353.5
683 353.5
683 353.5
683 353.5
683 353.5
683 353.5
683 671.65
683 671.65
683 671.65
683 671.65
683 671.65
683 671.65
683 671.65
683 671.65
683 671.65
683 671.65
683 671.65
683 671.65
683 671.65
683 671.65
683 671.65
683 671.65
683 671.65
683 671.65
683 671.65
990.35 35.35
990.35 35.35
990.35 35.35
990.35 35.35
990.35 35.35
990.35 35.35
990.35 35.35
990.35 35.35
990.35 35.35
990.35 35.35
990.35 35.35
990.35 35.35
990.35 35.35
990.35 35.35
990.35 35.35
990.35 35.35
990.35 35.35
990.35 35.35
990.35 35.35
990.35 353.5
990.35 353.5
990.35 353.5
990.35 353.5
990.35 353.5
990.35 353.5
990.35 353.5
990.35 353.5
990.35 353.5
990.35 353.5
990.35 353.5
990.35 353.5
990.35 353.5
990.35 353.5
990.35 353.5
990.35 353.5
990.35 353.5
990.35 353.5
990.35 353.5
990.35 671.65
990.35 671.65
990.35 671.65
990.35 671.65
990.35 671.65
990.35 671.65
990.35 671.65
990.35 671.65
990.35 671.65
990.35 671.65
990.35 671.65
990.35 671.65
990.35 671.65
990.35 671.65
990.35 671.65
990.35 671.65
990.35 671.65
990.35 671.65
990.35 671.65
1297.7 35.35
1297.7 35.35
1297.7 35.35
1297.7 35.35
1297.7 35.35
1297.7 35.35
1297.7 35.35
1297.7 35.35
1297.7 35.35
1297.7 35.35
1297.7 35.35
1297.7 35.35
1297.7 35.35
1297.7 35.35
1297.7 35.35
1297.7 35.35
1297.7 35.35
1297.7 35.35
1297.7 35.35
1297.7 353.5
1297.7 353.5
1297.7 353.5
1297.7 353.5
1297.7 353.5
1297.7 353.5
1297.7 353.5
1297.7 353.5
1297.7 353.5
1297.7 353.5
1297.7 353.5
1297.7 353.5
1297.7 353.5
1297.7 353.5
1297.7 353.5
1297.7 353.5
1297.7 353.5
1297.7 353.5
1297.7 353.5
1297.7 671.65
1297.7 671.65
1297.7 671.65
1297.7 671.65
1297.7 671.65
1297.7 671.65
1297.7 671.65
1297.7 671.65
1297.7 671.65
1297.7 671.65
1297.7 671.65
1297.7 671.65
1297.7 671.65
1297.7 671.65
1297.7 671.65
1297.7 671.65
1297.7 671.65
1297.7 671.65
1297.7 671.65
